2753
25 50
29 51
36 37
27 45
29 38
32 52
35 54
31 40
40 54
27 41
39 44
40 35
26 54
42 46
34 46
37 38
32 39
38 41
30 50
29 39
40 52
39 45
27 46
31 56
34 51
36 57
34 48
36 57
41 50
35 44
28 44
40 56
25 58
25 38
32 37
28 38
36 55
32 58
38 40
36 56
35 42
39 46
25 46
29 44
26 58
40 54
25 49
29 40
29 50
26 52
31 57
36 53
30 49
33 40
26 45
34 38
28 38
34 45
28 49
32 37
27 53
31 56
42 47
30 46
40 35
28 57
28 58
32 43
36 55
40 35
26 55
38 42
38 54
39 37
41 53
39 46
28 44
35 44
42 39
32 36
39 38
37 51
27 36
35 55
40 41
33 38
39 35
37 48
34 49
31 53
28 40
31 40
27 41
30 37
42 47
33 47
35 35
36 53
26 39
38 47
29 38
34 54
28 39
37 53
26 40
32 50
25 38
32 51
32 35
40 48
32 55
42 52
36 56
37 35
34 51
26 44
25 43
37 50
38 42
39 38
25 54
42 40
29 41
39 37
39 46
39 53
27 38
42 49
31 44
32 58
31 49
29 44
35 38
40 54
27 47
28 45
29 46
34 46
37 39
38 58
26 47
26 43
41 46
28 51
28 53
41 49
26 55
34 46
30 56
31 39
41 46
37 43
33 35
39 57
27 56
34 58
29 51
42 43
36 53
38 40
34 57
39 56
26 46
42 49
29 51
39 51
41 46
