1795
25 44
38 50
36 57
41 47
41 38
26 54
41 36
32 39
40 57
42 54
35 56
42 55
27 35
29 47
26 53
37 54
25 40
35 52
35 54
39 39
33 44
26 39
38 39
39 37
27 45
38 57
31 48
30 37
30 41
32 45
27 42
29 46
28 35
31 53
32 35
38 44
31 40
25 42
42 45
30 51
34 36
38 41
41 43
42 58
27 48
39 36
39 44
30 51
28 57
40 45
36 42
41 56
29 48
27 55
41 48
33 43
37 48
26 50
41 38
33 39
40 36
37 47
30 41
26 38
39 41
34 53
34 43
29 35
27 38
39 42
34 48
38 54
29 54
41 57
34 37
42 54
41 57
37 50
41 42
34 48
29 49
32 39
36 54
41 55
35 52
